1 0.206734375 0.4138148148148148 0.06490625 0.09259259259259259
1 0.48557812499999997 0.5491481481481482 0.076921875 0.08688888888888889
1 0.41946874999999995 0.5719444444444445 0.06009375 0.08688888888888889
1 0.144234375 0.8361851851851853 0.081734375 0.09116666666666666
1 0.8720000000000001 0.5819074074074074 0.0733125 0.06979629629629629
1 0.889421875 0.6381851851851852 0.06009375 0.08546296296296296
1 0.868390625 0.777074074074074 0.063703125 0.08120370370370371
1 0.6796875 0.3069814814814815 0.061296874999999994 0.08403703703703704
1 0.659859375 0.24714814814814817 0.0576875 0.061259259259259256
1 0.780046875 0.3297777777777778 0.06009375 0.08403703703703704
1 0.8257187500000001 0.28988888888888886 0.06490625 0.08403703703703704
0 0.4765625 0.36466666666666664 0.063703125 0.07407407407407407
0 0.24459375 0.5655185185185185 0.056484374999999996 0.0883148148148148
0 0.234375 0.6901666666666667 0.052890625000000004 0.08974074074074075
0 0.480171875 0.696574074074074 0.063703125 0.08546296296296296
0 0.5546875 0.652425925925926 0.063703125 0.07692592592592593
0 0.74159375 0.8190925925925926 0.052890625000000004 0.09116666666666666
0 0.717546875 0.7749259259259259 0.0625 0.06551851851851852