1 0.1923125 0.23077777777777778 0.076921875 0.09401851851851853
1 0.121390625 0.6588333333333333 0.0625 0.07835185185185185
1 0.079921875 0.6467222222222223 0.04928125 0.0883148148148148
1 0.34375 0.2735 0.06971875 0.08262962962962962
1 0.379203125 0.11894444444444445 0.066109375 0.08403703703703704
1 0.41526562499999997 0.16096296296296297 0.025234374999999996 0.05698148148148148
1 0.56309375 0.24714814814814817 0.063703125 0.08688888888888889
1 0.61178125 0.2834814814814815 0.0673125 0.07407407407407407
1 0.57871875 0.3276296296296296 0.07090625 0.07407407407407407
1 0.558890625 0.39814814814814814 0.06009375 0.08403703703703704
1 0.342546875 0.6709444444444445 0.076921875 0.09401851851851853
0 0.170078125 0.8255 0.07090625 0.08688888888888889
0 0.44590625 0.24003703703703705 0.0576875 0.07550000000000001
0 0.8257187500000001 0.2777777777777778 0.06490625 0.07977777777777778
0 0.793875 0.7015740740740741 0.063703125 0.08403703703703704
0 0.84375 0.7037037037037037 0.06009375 0.0883148148148148
0 0.8245156250000001 0.8112592592592592 0.0673125 0.08974074074074075
0 0.639421875 0.8190925925925926 0.0576875 0.09116666666666666