1 0.25 0.3696666666666667 0.06009375 0.08974074074074075
1 0.31009375 0.39031481481481484 0.055281250000000004 0.08262962962962962
1 0.42307812499999997 0.25925925925925924 0.074515625 0.0883148148148148
1 0.18028125 0.29059259259259257 0.0673125 0.09116666666666666
1 0.20192187499999997 0.17877777777777779 0.0625 0.08688888888888889
1 0.73196875 0.41025925925925927 0.072109375 0.08546296296296296
1 0.762015625 0.6189444444444445 0.074515625 0.08403703703703704
1 0.0829375 0.6004259259259259 0.0625 0.07835185185185185
1 0.08834375 0.5455925925925926 0.066109375 0.06551851851851852
1 0.214546875 0.6581111111111111 0.068515625 0.08546296296296296
1 0.14003125 0.6937407407407408 0.063703125 0.07122222222222223
0 0.15865625 0.7464444444444445 0.0576875 0.07122222222222223
0 0.39903125 0.6460185185185185 0.06009375 0.08403703703703704
0 0.5919531250000001 0.5954444444444444 0.058890624999999995 0.07977777777777778
0 0.612375 0.5548518518518518 0.063703125 0.06979629629629629
0 0.8149062499999999 0.8347592592592592 0.06490625 0.08546296296296296
0 0.43629687500000003 0.8425925925925926 0.06009375 0.08120370370370371
0 0.51803125 0.6809074074074074 0.06490625 0.09116666666666666