1 0.13340625 0.4031296296296296 0.0673125 0.08546296296296296
1 0.332328125 0.6538518518518518 0.07571875 0.07977777777777778
1 0.686296875 0.7606851851851851 0.0625 0.08546296296296296
1 0.829328125 0.7656666666666666 0.06971875 0.08688888888888889
1 0.8575781250000001 0.6431666666666667 0.066109375 0.08688888888888889
1 0.8882187500000001 0.7307777777777777 0.0625 0.08546296296296296
1 0.938703125 0.5 0.0673125 0.08262962962962962
0 0.578125 0.6253518518518518 0.0625 0.07977777777777778
0 0.1670625 0.7706481481481481 0.0673125 0.0883148148148148
0 0.18509375 0.876074074074074 0.0625 0.0883148148148148
0 0.38882812499999997 0.7464444444444445 0.058890624999999995 0.07407407407407407
0 0.3545625 0.4750740740740741 0.06971875 0.08688888888888889
0 0.168265625 0.3333333333333333 0.0625 0.08262962962962962
0 0.31309375 0.17379629629629628 0.061296874999999994 0.06837037037037037