0 0.4014375 0.23575925925925925 0.074515625 0.08974074074074075
0 0.22715625 0.39814814814814814 0.079328125 0.09544444444444444
0 0.253 0.623925925925926 0.07571875 0.10540740740740741
0 0.3329375 0.7806296296296297 0.072109375 0.0883148148148148
0 0.722953125 0.8497222222222223 0.068515625 0.08688888888888889
0 0.76621875 0.909537037037037 0.0733125 0.08974074074074075
0 0.795671875 0.6623888888888889 0.084140625 0.09972222222222223
1 0.33353125 0.18233333333333332 0.07090625 0.09687037037037037
1 0.10996874999999999 0.35898148148148146 0.07571875 0.10540740740740741
1 0.805890625 0.2044074074074074 0.068515625 0.08974074074074075
1 0.8798125000000001 0.28774074074074074 0.06490625 0.09116666666666666
1 0.8497656250000001 0.48005555555555557 0.076921875 0.09116666666666666
1 0.43809375 0.8717962962962963 0.08534375 0.09687037037037037