0 0.1141875 0.3482962962962963 0.0625 0.07835185185185185
0 0.15384375 0.7920185185185186 0.06009375 0.07692592592592593
0 0.379203125 0.7215185185185186 0.068515625 0.07835185185185185
0 0.6484375 0.8775000000000001 0.066109375 0.07122222222222223
0 0.83653125 0.46225925925925926 0.0625 0.07264814814814814
0 0.707328125 0.17094444444444445 0.061296874999999994 0.0883148148148148
0 0.8064843749999999 0.2329074074074074 0.072109375 0.08120370370370371
1 0.946515625 0.5804814814814815 0.07571875 0.08974074074074075
1 0.792671875 0.4857592592592593 0.0733125 0.09116666666666666
1 0.77103125 0.6994259259259259 0.07090625 0.09687037037037037
1 0.76321875 0.8019999999999999 0.079328125 0.09116666666666666
1 0.58353125 0.8012777777777778 0.066109375 0.09544444444444444
1 0.481375 0.6068333333333333 0.066109375 0.09401851851851853
1 0.185703125 0.7557037037037037 0.063703125 0.08403703703703704
1 0.21934375 0.3304814814814815 0.068515625 0.08546296296296296
1 0.089546875 0.297 0.063703125 0.07835185185185185
1 0.5408593749999999 0.23718518518518522 0.0625 0.07264814814814814