1 0.167671875 0.2692222222222222 0.066109375 0.08262962962962962
1 0.09615625 0.3418888888888889 0.06971875 0.08262962962962962
1 0.099765625 0.553425925925926 0.0673125 0.08974074074074075
1 0.08834375 0.7884629629629629 0.046875 0.07264814814814814
1 0.118984375 0.8169444444444444 0.0625 0.08120370370370371
1 0.3046875 0.7272037037037037 0.066109375 0.08688888888888889
1 0.546875 0.6032777777777777 0.06490625 0.0982962962962963
0 0.550484375 0.4985740740740741 0.06009375 0.07692592592592593
0 0.82753125 0.15527777777777776 0.061296874999999994 0.07122222222222223
0 0.678484375 0.7841851851851851 0.058890624999999995 0.07550000000000001
0 0.743390625 0.8440185185185185 0.066109375 0.08120370370370371
0 0.667671875 0.8589814814814816 0.054093749999999996 0.08262962962962962
0 0.662859375 0.5747777777777777 0.061296874999999994 0.07550000000000001