0 0.26321875 0.6061296296296297 0.06009375 0.0641111111111111
0 0.365984375 0.6096851851851852 0.058890624999999995 0.06551851851851852
0 0.57571875 0.6303333333333333 0.06490625 0.07835185185185185
0 0.675484375 0.5719444444444445 0.0625 0.08688888888888889
0 0.52403125 0.797 0.0673125 0.09259259259259259
0 0.694109375 0.8290555555555555 0.066109375 0.0883148148148148
0 0.8641875000000001 0.3169444444444445 0.0576875 0.08688888888888889
1 0.4140625 0.4807777777777778 0.066109375 0.08974074074074075
1 0.168265625 0.2727962962962963 0.0625 0.08974074074074075
1 0.28365625 0.6538518518518518 0.06490625 0.0883148148148148
1 0.38040625 0.7058333333333333 0.054093749999999996 0.08688888888888889
1 0.426078125 0.7150925925925925 0.063703125 0.08262962962962962
1 0.519828125 0.6567037037037037 0.056484374999999996 0.07977777777777778
1 0.8064843749999999 0.7129629629629629 0.06490625 0.08974074074074075