1 0.22896875 0.3532777777777778 0.08053125 0.09972222222222223
1 0.128 0.4430185185185185 0.078125 0.09401851851851853
1 0.3858125 0.20014814814814816 0.06971875 0.09544444444444444
1 0.8485625000000001 0.2991481481481481 0.072109375 0.09972222222222223
1 0.6658593749999999 0.4650925925925926 0.06490625 0.061259259259259256
1 0.5564843749999999 0.6873148148148148 0.06490625 0.08403703703703704
1 0.629203125 0.5897407407407407 0.0733125 0.08262962962962962
1 0.118984375 0.665962962962963 0.084140625 0.10398148148148148
1 0.092546875 0.8098333333333333 0.076921875 0.09544444444444444
0 0.376203125 0.6275000000000001 0.072109375 0.08974074074074075
0 0.29628125 0.7863333333333333 0.07571875 0.09401851851851853
0 0.155046875 0.8724999999999999 0.074515625 0.07550000000000001
0 0.40565625 0.9081111111111111 0.068515625 0.07835185185185185
0 0.91346875 0.6545555555555556 0.06971875 0.09544444444444444
0 0.667671875 0.5049814814814815 0.068515625 0.07835185185185185
0 0.65925 0.4223703703703704 0.066109375 0.0641111111111111