0 0.168875 0.5683703703703704 0.058890624999999995 0.08546296296296296
0 0.27584375 0.5655185185185185 0.058890624999999995 0.08262962962962962
0 0.222953125 0.876074074074074 0.061296874999999994 0.07977777777777778
0 0.5174218749999999 0.6189444444444445 0.061296874999999994 0.08688888888888889
0 0.8016875000000001 0.6687962962962962 0.06009375 0.08403703703703704
0 0.6189843749999999 0.33262962962962966 0.06490625 0.08120370370370371
0 0.55709375 0.2699444444444445 0.0516875 0.07835185185185185
1 0.7674218749999999 0.24787037037037035 0.0733125 0.08262962962962962
1 0.1953125 0.461537037037037 0.07090625 0.08262962962962962
1 0.390625 0.4302037037037037 0.0673125 0.08546296296296296
1 0.550484375 0.6972962962962963 0.0625 0.08974074074074075
1 0.2764375 0.7727962962962963 0.0673125 0.09259259259259259
1 0.203125 0.6958703703703704 0.06971875 0.08403703703703704
1 0.92128125 0.8646666666666667 0.07090625 0.08262962962962962