0 0.269234375 0.30127777777777776 0.06490625 0.09544444444444444
0 0.8671875 0.3297777777777778 0.07090625 0.09544444444444444
0 0.34675 0.613962962962963 0.0516875 0.06837037037037037
0 0.3389375 0.6723703703703704 0.0625 0.07977777777777778
0 0.561296875 0.7457222222222222 0.0673125 0.08688888888888889
0 0.5 0.47079629629629627 0.072109375 0.09259259259259259
1 0.222953125 0.38746296296296295 0.068515625 0.07977777777777778
1 0.21754687499999997 0.46366666666666667 0.06971875 0.09544444444444444
1 0.516828125 0.2913148148148148 0.0673125 0.09259259259259259
1 0.5017968749999999 0.5612592592592592 0.07090625 0.09116666666666666
1 0.67128125 0.4351851851851852 0.07090625 0.07835185185185185
1 0.63340625 0.47079629629629627 0.0673125 0.08974074074074075
1 0.725359375 0.6915925925925925 0.068515625 0.0982962962962963
1 0.355765625 0.8119629629629629 0.06971875 0.09687037037037037
1 0.46995312499999997 0.8803333333333333 0.074515625 0.09401851851851853