1 0.27825 0.32835185185185184 0.078125 0.09259259259259259
1 0.3359375 0.6638148148148147 0.078125 0.09972222222222223
1 0.1298125 0.7571296296296297 0.08653125 0.10683333333333334
1 0.35996875 0.7777777777777778 0.07571875 0.09116666666666666
1 0.674875 0.5633888888888889 0.07571875 0.0982962962962963
0 0.688703125 0.7934444444444444 0.0576875 0.09972222222222223
0 0.8125 0.612537037037037 0.06490625 0.10255555555555557
0 0.606375 0.7200925925925926 0.066109375 0.08974074074074075
0 0.671875 0.7300555555555556 0.0576875 0.07550000000000001
0 0.170078125 0.5306296296296297 0.08053125 0.10683333333333334
0 0.7265625 0.2663888888888889 0.07571875 0.08546296296296296