0 0.170671875 0.3960185185185185 0.06009375 0.07977777777777778
0 0.137625 0.5035555555555555 0.068515625 0.07835185185185185
0 0.21995312500000003 0.6232222222222222 0.06009375 0.08403703703703704
0 0.57271875 0.6018518518518519 0.066109375 0.08403703703703704
0 0.450125 0.9187962962962962 0.068515625 0.08262962962962962
0 0.74940625 0.7549814814814815 0.066109375 0.08262962962962962
0 0.59134375 0.14529629629629628 0.045671875 0.08262962962962962
1 0.1640625 0.664537037037037 0.066109375 0.08974074074074075
1 0.43028125 0.22151851851851853 0.0673125 0.08974074074074075
1 0.7049218749999999 0.4074074074074074 0.063703125 0.09116666666666666
1 0.8239218749999999 0.35114814814814815 0.07571875 0.09259259259259259
1 0.9338906250000001 0.33262962962962966 0.072109375 0.08688888888888889
1 0.93028125 0.6096851851851852 0.072109375 0.09687037037037037
1 0.29928125 0.8689444444444445 0.072109375 0.09687037037037037