0 0.35215625 0.49572222222222223 0.0576875 0.07122222222222223
0 0.45253125 0.41238888888888886 0.066109375 0.07264814814814814
0 0.503609375 0.3696666666666667 0.050484375000000005 0.07550000000000001
0 0.587140625 0.4586851851851852 0.066109375 0.08546296296296296
0 0.660453125 0.612537037037037 0.063703125 0.08546296296296296
0 0.47415624999999995 0.6623888888888889 0.063703125 0.07407407407407407
0 0.23496875 0.8988518518518518 0.07571875 0.07692592592592593
1 0.122 0.4373148148148148 0.066109375 0.09116666666666666
1 0.11659375000000001 0.539888888888889 0.06971875 0.08262962962962962
1 0.10396875000000001 0.6709444444444445 0.068515625 0.09401851851851853
1 0.2920625 0.8233703703703704 0.072109375 0.09116666666666666
1 0.57753125 0.8988518518518518 0.078125 0.0883148148148148
1 0.46214062499999997 0.35612962962962963 0.061296874999999994 0.07407407407407407
1 0.52825 0.2913148148148148 0.07571875 0.08120370370370371