1 0.0733125 0.3803333333333333 0.0673125 0.0883148148148148
1 0.36117187500000003 0.7186666666666667 0.07571875 0.08403703703703704
1 0.58653125 0.6310555555555555 0.06971875 0.08262962962962962
1 0.8383437499999999 0.6224999999999999 0.066109375 0.08546296296296296
1 0.2890625 0.3668148148148148 0.08053125 0.08974074074074075
1 0.25960937500000003 0.30127777777777776 0.072109375 0.06694444444444445
0 0.0703125 0.6652407407407408 0.063703125 0.08262962962962962
0 0.19590625 0.6089814814814816 0.052890625000000004 0.07264814814814814
0 0.24278125 0.599 0.06009375 0.06979629629629629
0 0.24759375 0.7777777777777778 0.06971875 0.07692592592592593
0 0.34554687500000003 0.840462962962963 0.0733125 0.08262962962962962
0 0.59675 0.7913148148148148 0.066109375 0.07835185185185185
0 0.85878125 0.4166666666666667 0.066109375 0.08120370370370371