0 0.8876250000000001 0.2962962962962963 0.07571875 0.10540740740740741
0 0.55409375 0.35114814814814815 0.076921875 0.08974074074074075
0 0.5138281250000001 0.5605370370370371 0.063703125 0.09259259259259259
0 0.44410937500000003 0.7663888888888889 0.066109375 0.09687037037037037
0 0.29085937500000003 0.48861111111111116 0.06009375 0.09687037037037037
0 0.139421875 0.4964444444444444 0.06009375 0.09259259259259259
0 0.06309375 0.3881851851851852 0.066109375 0.08974074074074075
1 0.081125 0.46724074074074073 0.066109375 0.07977777777777778
1 0.048078125 0.5071296296296297 0.06490625 0.08546296296296296
1 0.1640625 0.7813333333333333 0.068515625 0.08974074074074075
1 0.32210937500000003 0.585462962962963 0.074515625 0.08546296296296296
1 0.53184375 0.7293518518518519 0.068515625 0.09116666666666666
1 0.64784375 0.41238888888888886 0.074515625 0.08403703703703704
1 0.828125 0.736462962962963 0.06490625 0.09687037037037037