1 0.15084375 0.44374074074074077 0.078125 0.08974074074074075
1 0.087140625 0.6552777777777778 0.07571875 0.09401851851851853
1 0.3954375 0.759962962962963 0.06971875 0.08974074074074075
1 0.495796875 0.49572222222222223 0.078125 0.09972222222222223
1 0.46815625 0.35898148148148146 0.078125 0.09972222222222223
1 0.84375 0.5797777777777777 0.074515625 0.09972222222222223
1 0.915265625 0.7008518518518518 0.07571875 0.09972222222222223
0 0.30228125 0.3276296296296296 0.0733125 0.09687037037037037
0 0.387015625 0.3504259259259259 0.072109375 0.09116666666666666
0 0.08534375 0.3660925925925926 0.079328125 0.09401851851851853
0 0.8858124999999999 0.4109629629629629 0.072109375 0.09259259259259259
0 0.9399062499999999 0.4031296296296296 0.076921875 0.0883148148148148
0 0.4014375 0.8205185185185185 0.06971875 0.09401851851851853
0 0.23317187499999997 0.8981481481481481 0.079328125 0.09544444444444444