1 0.181484375 0.2621111111111111 0.06971875 0.08546296296296296
1 0.167671875 0.5491481481481482 0.066109375 0.09259259259259259
1 0.20012500000000003 0.7628148148148148 0.068515625 0.08688888888888889
1 0.543875 0.7585555555555555 0.066109375 0.08688888888888889
1 0.700125 0.4964444444444444 0.068515625 0.08688888888888889
1 0.780046875 0.34401851851851856 0.074515625 0.08403703703703704
0 0.72596875 0.3803333333333333 0.0576875 0.08546296296296296
0 0.112984375 0.30200000000000005 0.0625 0.07407407407407407
0 0.285453125 0.33475925925925926 0.066109375 0.07977777777777778
0 0.25 0.20725925925925925 0.06490625 0.08120370370370371
0 0.277640625 0.6203703703703703 0.0625 0.09259259259259259
0 0.482578125 0.8312037037037038 0.066109375 0.10114814814814814
0 0.77825 0.8176666666666667 0.066109375 0.09401851851851853