0 0.342546875 0.2628148148148148 0.06490625 0.09544444444444444
0 0.2421875 0.3197962962962963 0.063703125 0.09259259259259259
0 0.28184375 0.6339074074074074 0.061296874999999994 0.0883148148148148
0 0.49759374999999995 0.5612592592592592 0.06009375 0.07407407407407407
0 0.84375 0.7592592592592593 0.06490625 0.08546296296296296
0 0.623796875 0.803425925925926 0.072109375 0.08546296296296296
0 0.60215625 0.8596851851851852 0.0673125 0.08688888888888889
1 0.064296875 0.3653888888888889 0.0733125 0.08974074074074075
1 0.264421875 0.8547037037037037 0.06971875 0.0883148148148148
1 0.46214062499999997 0.7806296296296297 0.0733125 0.09687037037037037
1 0.459140625 0.4686666666666667 0.06971875 0.08262962962962962
1 0.715140625 0.4223703703703704 0.074515625 0.08403703703703704
1 0.9417031250000001 0.6175185185185185 0.07571875 0.08688888888888889
1 0.72415625 0.847574074074074 0.066109375 0.0883148148148148