0 0.32271875 0.8432962962962963 0.063703125 0.08546296296296296
0 0.35335937500000003 0.9074074074074074 0.0576875 0.07407407407407407
0 0.45853124999999995 0.5014259259259259 0.07090625 0.08546296296296296
0 0.7049218749999999 0.5697962962962962 0.068515625 0.08262962962962962
0 0.6388281250000001 0.6723703703703704 0.07090625 0.08546296296296296
0 0.79928125 0.8497222222222223 0.06490625 0.07835185185185185
1 0.22896875 0.4330555555555555 0.0733125 0.0883148148148148
1 0.350359375 0.41025925925925927 0.068515625 0.0883148148148148
1 0.20012500000000003 0.636037037037037 0.058890624999999995 0.07550000000000001
1 0.23737499999999997 0.6189444444444445 0.061296874999999994 0.08120370370370371
1 0.33353125 0.6410185185185184 0.058890624999999995 0.08262962962962962
1 0.41165624999999995 0.5484259259259259 0.063703125 0.07692592592592593
1 0.5174218749999999 0.8084074074074075 0.058890624999999995 0.08688888888888889