0 0.051078124999999995 0.48361111111111105 0.061296874999999994 0.0982962962962963
0 0.753 0.5619629629629629 0.07090625 0.09544444444444444
0 0.629203125 0.7321851851851852 0.068515625 0.08262962962962962
0 0.8022812500000001 0.8775000000000001 0.0733125 0.07407407407407407
0 0.9104531250000001 0.4472962962962963 0.07090625 0.09687037037037037
0 0.8161093749999999 0.4280555555555556 0.076921875 0.09259259259259259
1 0.12559375 0.553425925925926 0.07090625 0.09259259259259259
1 0.1610625 0.7492962962962963 0.072109375 0.09687037037037037
1 0.165265625 0.32122222222222224 0.0733125 0.09259259259259259
1 0.389421875 0.3846111111111111 0.076921875 0.09972222222222223
1 0.5576875 0.5057037037037037 0.074515625 0.10255555555555557