1 0.26503125 0.1794814814814815 0.063703125 0.07407407407407407
1 0.26321875 0.23718518518518522 0.0673125 0.09259259259259259
1 0.33414062499999997 0.3582592592592593 0.0673125 0.08403703703703704
1 0.41526562499999997 0.486462962962963 0.063703125 0.08403703703703704
1 0.40565625 0.7250740740740741 0.068515625 0.09116666666666666
1 0.3485625 0.8418888888888889 0.074515625 0.0883148148148148
1 0.1514375 0.7592592592592593 0.06490625 0.09116666666666666
1 0.581125 0.7136666666666667 0.068515625 0.07977777777777778
1 0.78665625 0.6638148148148147 0.07090625 0.08546296296296296
0 0.3233125 0.14244444444444446 0.06490625 0.08262962962962962
0 0.10696874999999999 0.5263518518518518 0.06971875 0.08120370370370371
0 0.56009375 0.513537037037037 0.072109375 0.09259259259259259
0 0.9140625 0.29344444444444445 0.07090625 0.07692592592592593
0 0.55409375 0.7606851851851851 0.072109375 0.07407407407407407
0 0.53425 0.6559814814814815 0.061296874999999994 0.08120370370370371
0 0.27103125 0.9017037037037038 0.068515625 0.07977777777777778