1 0.504203125 0.41025925925925927 0.0733125 0.09116666666666666
1 0.7127343749999999 0.48005555555555557 0.0673125 0.09116666666666666
1 0.868390625 0.5925925925925926 0.058890624999999995 0.09116666666666666
1 0.81190625 0.5548518518518518 0.061296874999999994 0.06694444444444445
1 0.7109375 0.636037037037037 0.07090625 0.08403703703703704
1 0.6622656250000001 0.8290555555555555 0.072109375 0.09116666666666666
1 0.07871875 0.5263518518518518 0.0733125 0.08974074074074075
0 0.167671875 0.48788888888888887 0.07090625 0.08120370370370371
0 0.194109375 0.7058333333333333 0.068515625 0.0982962962962963
0 0.198921875 0.41879629629629633 0.063703125 0.09401851851851853
0 0.29507812499999997 0.4351851851851852 0.063703125 0.08688888888888889
0 0.35878125 0.1275 0.068515625 0.10398148148148148
0 0.868390625 0.38603703703703707 0.061296874999999994 0.09687037037037037
0 0.82753125 0.6061296296296297 0.03965625 0.07835185185185185