0 0.48196874999999995 0.6075555555555555 0.0576875 0.09259259259259259
0 0.40384374999999995 0.6538518518518518 0.074515625 0.10540740740740741
0 0.6670625 0.7072592592592593 0.0673125 0.10968518518518518
0 0.8046875 0.673074074074074 0.068515625 0.08688888888888889
0 0.7950781250000001 0.8041296296296296 0.058890624999999995 0.08974074074074075
0 0.8473593749999999 0.8461481481481482 0.0625 0.08546296296296296
0 0.738578125 0.31053703703703706 0.058890624999999995 0.09972222222222223
1 0.299875 0.4722222222222222 0.0733125 0.08974074074074075
1 0.115984375 0.5662407407407407 0.063703125 0.09259259259259259
1 0.212734375 0.6723703703703704 0.06009375 0.09687037037037037
1 0.2704375 0.7222222222222222 0.06009375 0.0883148148148148
1 0.3173125 0.7557037037037037 0.072109375 0.08688888888888889
1 0.4296875 0.7849074074074075 0.07090625 0.0883148148148148
1 0.8095000000000001 0.5434444444444444 0.0733125 0.09544444444444444