1 0.076328125 0.22364814814814815 0.07571875 0.08546296296296296
1 0.13221875 0.6395925925925926 0.072109375 0.08262962962962962
1 0.123203125 0.7955925925925926 0.066109375 0.08688888888888889
1 0.753609375 0.22862962962962963 0.072109375 0.08688888888888889
1 0.8010781250000001 0.4544074074074074 0.07571875 0.07977777777777778
1 0.7764375 0.7542777777777778 0.074515625 0.08120370370370371
1 0.842546875 0.8084074074074075 0.072109375 0.08688888888888889
0 0.378609375 0.4088333333333333 0.072109375 0.09972222222222223
0 0.433296875 0.6474444444444445 0.078125 0.08688888888888889
0 0.188703125 0.6695185185185185 0.06971875 0.0883148148148148
0 0.69290625 0.3888888888888889 0.068515625 0.08546296296296296
0 0.731375 0.5178148148148148 0.063703125 0.0982962962962963
0 0.71034375 0.8326296296296296 0.072109375 0.09259259259259259
0 0.8413437500000001 0.7314814814814815 0.072109375 0.08974074074074075