1 0.158046875 0.36824074074074076 0.0733125 0.09259259259259259
1 0.212734375 0.6025555555555555 0.072109375 0.08546296296296296
1 0.381609375 0.6232222222222222 0.07571875 0.08974074074074075
1 0.51803125 0.8319074074074074 0.074515625 0.0883148148148148
1 0.7421875 0.7421666666666666 0.07571875 0.09401851851851853
1 0.622 0.28275925925925927 0.07571875 0.10398148148148148
1 0.490390625 0.2329074074074074 0.06971875 0.047
0 0.20071875 0.8539814814814815 0.072109375 0.09544444444444444
0 0.10696874999999999 0.75 0.06490625 0.08974074074074075
0 0.1875 0.6424444444444445 0.074515625 0.09972222222222223
0 0.15384375 0.5911666666666667 0.06971875 0.0883148148148148
0 0.548078125 0.27990740740740744 0.06971875 0.08688888888888889
0 0.234375 0.15527777777777776 0.072109375 0.09972222222222223
0 0.9086562499999999 0.8012777777777778 0.074515625 0.10398148148148148