1 0.20371875 0.3041296296296296 0.068515625 0.08403703703703704
1 0.27584375 0.7435925925925926 0.066109375 0.08262962962962962
1 0.7247656250000001 0.7920185185185186 0.072109375 0.09116666666666666
1 0.56190625 0.3297777777777778 0.063703125 0.08120370370370371
1 0.62440625 0.14244444444444446 0.068515625 0.08262962962962962
0 0.25 0.19942592592592592 0.06009375 0.08262962962962962
0 0.136421875 0.288462962962963 0.058890624999999995 0.08688888888888889
0 0.072109375 0.44374074074074077 0.0576875 0.08120370370370371
0 0.099765625 0.5719444444444445 0.0673125 0.08974074074074075
0 0.21754687499999997 0.6474444444444445 0.0673125 0.08403703703703704
0 0.59434375 0.3945925925925926 0.063703125 0.0883148148148148
0 0.37320312499999997 0.4031296296296296 0.061296874999999994 0.08262962962962962