1 0.50540625 0.4002777777777778 0.063703125 0.08262962962962962
1 0.69471875 0.8055555555555556 0.072109375 0.08688888888888889
1 0.14121875 0.7841851851851851 0.061296874999999994 0.08120370370370371
1 0.052890625000000004 0.7514259259259259 0.0625 0.08120370370370371
1 0.081734375 0.7279259259259259 0.074515625 0.08262962962962962
1 0.06490625 0.599 0.06971875 0.08974074074074075
1 0.09434375 0.5 0.0733125 0.08262962962962962
0 0.418265625 0.6253518518518518 0.06490625 0.07407407407407407
0 0.40745312499999997 0.3418888888888889 0.0673125 0.07407407407407407
0 0.743390625 0.14101851851851852 0.063703125 0.08546296296296296
0 0.7139375 0.7037037037037037 0.0673125 0.08262962962962962
0 0.8167031250000001 0.6574074074074074 0.066109375 0.07264814814814814
0 0.518625 0.8689444444444445 0.061296874999999994 0.07692592592592593
0 0.478359375 0.8304814814814815 0.06009375 0.07122222222222223