0 0.27584375 0.1574074074074074 0.061296874999999994 0.09544444444444444
0 0.6796875 0.3069814814814815 0.063703125 0.08974074074074075
0 0.22115625 0.659537037037037 0.0576875 0.08262962962962962
0 0.095546875 0.7870370370370371 0.063703125 0.08688888888888889
0 0.137625 0.8511481481481482 0.054093749999999996 0.08120370370370371
0 0.435703125 0.834037037037037 0.061296874999999994 0.07835185185185185
1 0.375 0.5697962962962962 0.072109375 0.08262962962962962
1 0.360578125 0.23718518518518522 0.0625 0.08688888888888889
1 0.8713906250000001 0.3269259259259259 0.06490625 0.09259259259259259
1 0.482578125 0.4950185185185185 0.066109375 0.08403703703703704
1 0.50540625 0.5712222222222222 0.066109375 0.0883148148148148
1 0.52584375 0.6794814814814815 0.063703125 0.08262962962962962
1 0.683890625 0.7884629629629629 0.06009375 0.08403703703703704
1 0.34615625 0.6794814814814815 0.06009375 0.07692592592592593
1 0.31490625 0.8041296296296296 0.06490625 0.08120370370370371
1 0.8810156250000001 0.7685185185185185 0.06971875 0.08688888888888889
0 0.3046875 0.7257777777777779 0.04928125 0.07264814814814814