0 0.238578125 0.5997222222222223 0.063703125 0.07977777777777778
0 0.43629687500000003 0.5605370370370371 0.06490625 0.08403703703703704
0 0.20253125 0.9017037037037038 0.058890624999999995 0.07692592592592593
0 0.6141875 0.887462962962963 0.06009375 0.07407407407407407
0 0.8010781250000001 0.8304814814814815 0.054093749999999996 0.07122222222222223
0 0.83534375 0.876074074074074 0.0576875 0.07692592592592593
0 0.8233124999999999 0.5292037037037036 0.0576875 0.08120370370370371
1 0.09075 0.35898148148148146 0.0516875 0.08262962962962962
1 0.137015625 0.3760740740740741 0.06490625 0.07977777777777778
1 0.2421875 0.25142592592592594 0.066109375 0.08688888888888889
1 0.143625 0.45512962962962966 0.07090625 0.08688888888888889
1 0.11178125000000001 0.6602592592592593 0.06490625 0.08688888888888889
1 0.316109375 0.8710740740740741 0.06490625 0.08120370370370371
1 0.34976562499999997 0.5519999999999999 0.06490625 0.08688888888888889
1 0.431484375 0.47862962962962957 0.06009375 0.08262962962962962
1 0.47776562499999997 0.41737037037037034 0.066109375 0.08262962962962962
1 0.628 0.5349074074074075 0.068515625 0.09259259259259259
1 0.795671875 0.41453703703703704 0.0673125 0.0883148148148148
1 0.891828125 0.5334814814814814 0.0673125 0.08974074074074075