0 0.4891875 0.45512962962962966 0.0625 0.07835185185185185
0 0.8515625 0.3482962962962963 0.066109375 0.08403703703703704
0 0.6766875 0.1802037037037037 0.0625 0.08403703703703704
0 0.55528125 0.3660925925925926 0.06490625 0.07407407407407407
0 0.6346093749999999 0.6759259259259259 0.072109375 0.07550000000000001
0 0.41285937500000003 0.7015740740740741 0.066109375 0.06979629629629629
1 0.09915625 0.5797777777777777 0.063703125 0.07977777777777778
1 0.25 0.7742222222222221 0.072109375 0.08974074074074075
1 0.501203125 0.5947222222222222 0.055281250000000004 0.08403703703703704
1 0.55228125 0.6096851851851852 0.07090625 0.07692592592592593
1 0.35335937500000003 0.3618148148148148 0.06009375 0.05698148148148148
1 0.3701875 0.39814814814814814 0.0625 0.08120370370370371
1 0.39303125 0.22935185185185183 0.06490625 0.08262962962962962